0.18099256018875223
-0.1213746992562609
-0.039712916809355167
-0.12188250039323822
0.013479366919025064
-0.309657904197081
-0.14119352036403335
0.15008338658558018
-0.22665555045156568
-1.084797142290099
-0.085985366983942241
-1.2387417065511539
-0.79752024773915176
-1.2620076781571858
-0.16506878340028047
-0.43292864966518085
-0.55691429722414676
-0.62778134505780769
-0.8037839872539273
-0.96816675558280663
-0.92480237044596014
-0.95891808002123435
-0.24413633732775519
-1.0707357212123605
-0.14886994475279935
-0.71552881580119276
-0.17178983486028426
-0.78019711395019042
-0.47520763599262961
-0.72535030062576
-0.26579357613475968
0.11816732963708614
-0.2775428687390985
-0.78484411268324084
0.39606268905407177
-0.18510368760408291
-0.14504078100915441
1.4392371187170956
-0.28146045959977006
-0.6080739942043365
-0.78541660339541708
-0.32851113643387836
-0.36447302250638891
-0.9963215702980438
-0.91236178407455615
-0.82719558611920019
0.48986922059524757
-1.55387010678473
-0.20501251969206977
-0.89896359197941633
-0.79196963704709533
-0.34931868102262514
-0.0071873397263975021
-0.37410717328486531
0.062581547205600441
-0.011378728761482413
-0.628615794388664
0.10958412149140126
-0.4118490341756158
0.21568502255384625
-0.31696668997477367
-0.14360109219896394
-0.20598425541054757
-0.10694463228439725
0.060581833061744111
0.93002439514305257
0.1958457389016641
-0.14341527503751861
0.048180089540252768
0.078352968328722392
-0.33856915795899872
-0.34255840765707013
0.13464439030897568
-0.20414069499010815
-0.21076990516048255
0.18420391578393064
0.23840931195403178
-0.56585049643605712
-0.37313225215168744
-0.22675349431132091
-0.20205380496625444
-1.0950045588510389
-0.042452477996149998
0.13531528915790056
-0.22091810873772297
-0.018420392200484054
-0.89985350903688366
-0.68938190358412588
-0.56888521653863644
-0.64337774671377368
-0.29971515705166435
-0.51745173318899595
-0.086519021702854568
-0.73024524502426447
-0.046595249308108391
-0.26175435807037412
-1.2822083265486655
-0.29080850617259946
-0.54203649858016389
-0.097126003038499692
-0.99484635416450851
-0.46650451989916075
-0.48112422280044476
-0.19462273903914584
-0.16882298695681758
-0.73026533090169832
-0.096483517012101477
-0.35290936831739095
-0.19864011041547505
-0.0086130592840334818
-0.14408287817457227
-1.5952594150316537
-0.90812438775127524
-0.72751354223506226
-1.5883346024471734
-0.50372427868327074
-0.77684057952335117
-1.22790135837893
-0.75452676519837403
-1.1186467883723004
-0.96314337205320977
-0.85130562176142588
1.1910632128954315
-0.74676610201682181
-0.98648457141412438
-0.64212174257115384
-0.99987917629231571
-1.4572472801043419
-0.60054224702215953
-0.82050291031609612
-1.0039889097509673
-0.82795359283643777
-0.77771104008556557
-0.82170653588720755
-0.066208139124947496
-0.49974325758140625
-0.43643341705369448
-0.16292514322304216
-0.22514732653953057
-0.73489105090823115
0.0078836545393526237
-0.37407596251322589
-0.2659299087870422
-0.082688982346659598
-0.18511913130626639
-0.74932492239267279
-0.14866604471710965
0.11592329653007057
-0.39426095586003129
-0.35154525256234492
-0.3788509474040706
0.64075444358068001
-0.23881838812928549
-0.21968739110203461
-0.89039705797878477
-0.93145692747095998
0.032842848049700724
-0.68211217154900028
-0.93848805561084181
-1.2943110834194145
-0.61890291267281483
-1.2062659788281667
-0.24374366610903275
0.18151430455650372
-0.75998734894705544
-0.81939807718465996
0.15441928971144994
-1.3858562252247482
-0.90377514718376839
-0.50480204399439876
-0.89297735349608609
-0.50994330934747689
-0.078198664640633811
-0.22568798841467458
1.040030704614707
-0.88976215228765143
-1.3071039660577288
-1.6314739270244247
-0.70728874574935385
-0.34421041678552672
-0.60849275059415198
-0.89885059597300787
-0.51214158470447291
-0.50442171278528569
-0.073044543906479506
0.24442548462570798
0.0016940701921091157
0.25980144111329967
0.95235709541357305
-1.2475228312884725
0.020884602852207508
-0.97859003081197249
-0.1747939699844081
-0.43291806644299941
0.057358548746385345
-1.1042245348971369
-1.3533107930276749
-1.5168859930557645
-1.0232908890031347
-1.0173449933045482
-1.2349545076308059
0.11857601016001103
0.13484962886217294
-0.12050726306631876
-0.11711497013492399
-0.074321622580358945
0.45528242465834695
0.29686454755931463
-1.0586813017603356
-0.043645169704629533
-1.1046531324644735
0.22736386504573533
0.024946338483737153
-0.33702259595678452
-0.66106905716036846
-0.20751122239234937
0.16709269606301325
-0.30758777029923656
-0.60832826551218844
-0.11242012545977015
-1.3846475889493428
0.019978088109665171
-0.13885636886880184
-0.38584670336244814
-1.0542277938674673
1.0702556939446515
-0.58464886810474603
-0.19126462737243882
-0.30023056898519518
-0.26546532489385521
-0.07228603870622087
0.24895687298387065
-0.43831167032104446
0.15629412997047948
-0.15521514360266669
0.10589809871757828
-1.1892235230418207
-0.5212901513948518
0.27209428371658467
0.0017594945824961135
-0.098871336604968246
0.37629049808667447
0.24591037353274151
0.032933683631190876
-0.17094253349279734
0.3310288761341349
0.18960295802367705
0.034251075604864831
-0.12915330841209197
0.17053281996754435
0.2177053595953809
0.011105598306353742
-0.27653849655517598
-0.28116992440610517
-0.4415761761270392
-0.41556741988924556
-0.58509684695730357
-0.50038536836905623
-0.647747609891974
-0.12664246873297944
-0.76630343826575276
-0.60983559324695402
-0.75336244105645744
-0.45551241134022741
-1.0416016944899227
-0.87782385005995256
-0.90481984907640944
-1.3143828572334426
-1.030362533353455
-0.64688453774816412
-0.21951294378887395
-1.0802143022533512
-1.2171043748317412
-0.9598206116146849
-0.82550610588471218
-0.72872907459342939
-0.94995592741277979
-1.2152559763310713
-0.78725228480665854
-0.92368479491316868
-1.0739517577487787
-0.99545221636536607
-1.1647477281495777
-1.1361944082988369
-0.83298233102962671
-0.69121422106115049
-1.0228886706989637
-0.79186755138193976
-0.16704827365588068
-0.22443946794831612
0.13547421060897027
-0.36433483946161932
0.043286577097296573
0.085525922729285955
-0.35343799516943097
-0.025481194397598373
-0.13270272848062695
0.26907665725794694
-0.19335776814636521
-0.30814808312433084
0.057295520365551161
-0.35321831621343347
-0.77245423017060821
-0.52236089810873354
-0.46021194999742077
-0.41578634612550491
-0.36478147404989969
-0.21662503115298465
0.47243584087878071
-0.4918520349657145
-1.0238123343916665
0.026941414233252851
-0.21399743009675676
-0.048792247961125461
-0.74987769042926011
-0.036010944487019005
-0.28481582494922053
-0.47274501053310125
-1.2814504899953838
-1.3868533137871841
-0.62620130485821213
-0.78114019813199798
-1.2288716370673005
-1.2419624464309349
0.081920005606777382
0.11974025847770813
-0.68070755471411803
-1.2815428026120388
-0.54536678676970551
0.025512442673250167
-0.21910014227274932
-0.56517282147163728
-0.56153468635339698
-0.65455656439546417
0.45892299520131552
0.058853605453479729
-0.49081745009431615
-0.73834684467467371
-0.94282118728726616
-0.30692460799790633
-0.25415841074107259
-0.54672524699052016
-0.34296441352146195
0.14257144956672466
0.24601531114460345
0.090558345037676818
-1.2512366323346547
-0.23007547764037672
-0.32108289517193506
-0.34783433180789042
-0.37499571627903178
0.060100725620354727
-0.090293042573883403
-0.70466305699787879
-1.0346749080480508
-1.4348222976683846
-0.23647001139652077
-1.2626551865333
-0.7422095918258691
-0.69652468074548823
-0.20270371616994989
-0.93862377311603085
-0.70531966148114977
-0.028642443500567327
-0.48298735138841897
0.23996099943240659
-0.34986257254332664
0.025259513264169101
-0.90750654575827061
-0.54944061735670435
0.19112430385724266
-0.11114607195080428
0.0081939936959847456
0.1515162354929443
-0.88816560169972392
0.32169159866469271
-0.4701184829122711
0.097601578566429217
-0.82873473813129428
-0.58806314745138133
-0.53041368513319387
-0.44159688346639914
-0.093782975062372848
-0.13680707074027013
0.25793047240566069
0.45723200054854485
0.10295299513457926
-0.1063058977641458
0.10702088711678759
0.45633052629353205
-0.56102498230477771
0.28231956283264331
-0.76078953482263556
-0.72186083273943003
-0.031235679478448186
-0.32534405684098561
-0.96237052774425313
-0.84571401963534043
-0.84758243148021672
-0.69072251355820358
-0.48120621733825586
-0.67385610438367238
0.30561174301273036
-1.0592470782099299
-0.29557217578311967
-0.31469685987529555
0.083914571570349136
-0.30116767730571653
-0.13746174998402111
-1.3139270945186818
-0.63238231786367638
-0.05000279600237062
-0.035060102635264698
-0.91039554803811251
-0.55308928193415829
-0.94295305050579581
0.51638713637621336
-0.28609450733799735
0.16791208460862325
-0.49267330936412851
-0.60074579565058617
0.020533474092474909
-0.42261093933647226
-1.5979428189432621
-0.9912211680356019
-0.51362872641370005
-0.49533926975450887
-0.71325946367917348
-0.9594399867393667
-0.52820323217036635
-0.84871485368181421
-1.0094114516364709
-0.68572954975679423
-0.80960662260903626
-0.80773694938420726
-1.3162232917971253
-1.2301945292621093
-0.93143413115438523
-0.41052800239859799
-1.3206687185697725
-0.55421754039204441
-0.48902739691697955
0.18546757153599286
-0.14641678892536311
-0.33361984492769786
0.0084250908867141792
-0.013750382762474676
-0.43807736748082782
-0.30226543813062268
-0.47004376350316424
-0.77076981537538836
-0.6406031850544327
-0.12499135580644355
-0.28013905161420061
-0.94502364906449543
0.23084376439063276
-1.036670800017427
0.029896493604203912
0.064713706246653874
0.52576203524978848
-0.70987368582511245
0.056827724319531925
-0.48405285486745886
-0.88434858157684837
-0.089897096336139362
-0.81341550994166689
-0.033444790999902774
-0.11565670520093728
-0.034793212053720296
-0.52763953022958188
-0.26304739281168366
-0.22326115424501361
0.22147129851789313
-0.44344143302400507
0.17035539196508065
0.15267627744693346
-0.63355009859692202
-0.26025412891910038
0.10038829034334729
0.033970242131308476
0.64116741413439005
-0.18902700998397581
-0.25181165776801329
-0.16616684576704407
-0.4393488271973065
-0.28230933499537303
-0.066542412286569499
-0.12756507199285202
0.15478933118110433
0.26487820861596967
-0.023923035959502677
-0.37054860407846124
0.68822891144073217
-0.016596934111835278
-0.53647468048371416
-0.13183021331693209
-0.00042592453751792714
-0.05517056211680306
-0.19628956854104837
-0.76078197612021559
0.083192878301175333
0.039836914584613407
-0.012849784602415362
-0.58299424776112585
-0.35187050048006907
-0.55179512076336623
0.11322351377132052
-0.074897745849458186
-0.46486913359459608
-0.18854977274724671
-0.21221956229222877
-0.16302274363382355
0.040834961386766983
0.27568039262254851
-0.35872865244733054
-0.7761176380716226
-0.23519253539066634
-0.59000770847826589
-0.30123718221113716
0.40065240286681869
-0.77749524125942537
-0.75349619390610367
0.18113771163003162
-0.97589011369184697
-0.2543824282722808
-0.050580509685524189
1.0282503739132507
-0.03415915413690733
-0.026587598287393096
-0.076279307380345246
-0.5914464383600343
0.42467691923677275
1.3108692894725975
0.29452953865534903
-0.27166908542430146
-0.31256525448467598
-0.31700818774586048
-0.24637881856221364
-0.13460438169189179
0.33329533108049902
-0.065488239595889841
-0.30180702746605104
0.52106914002782545
-0.019710507242746089
0.077844140987434834
-0.20200459291979281
-0.57204948408628842
0.11642186764375326
0.15987304505686256
-0.043458665999495938
-1.1082193461501799
-0.57927356106264993
-0.4714665980082095
-0.10395029853481194
-0.080800241948459348
0.088083354219873691
0.42087876638307831
0.29253486671612328
0.056117099571888006
0.053502527201493913
-0.41107384209153858
-0.55917547420335068
-1.2453176064285136
0.31040177971101807
0.38732317866655364
-0.29887264801875868
0.71182423684128437
0.0057140679335987371
-0.0068529420407066992
-0.087683600703873529
-0.45381789025643449
0.37228588828837211
0.31089151695506112
-1.1327057733382189
-1.0030326815942616
-0.29801850570101868
-0.11759157376867475
0.09516136549260297
0.076394250828270518
-0.13387707407044497
-0.15883039578881294
-0.22211589376105623
-0.18119366293363665
-0.22341512701049346
-1.3117502995880344
-0.60975946581566198
-1.1097129220688471
-0.4881293599129285
-0.84004661915199885
0.14642862211266858
-0.64811012848869276
-0.34124478286231769
-0.15570675450162158
-0.24062048683593898
-1.1168249866387836
-0.85554824850042077
-0.8302182655736593
-0.93990918490466979
-0.56611626237800727
-0.52862632045521352
-0.80771675567009504
-0.563531556423157
1.6011028749136975
-0.052479904311004029
-0.44358339840855104
-0.89956593663613837
0.11904608081095706
-0.66695729342820831
-1.0929090164936222
-0.34570434872917533
-0.1696491733676527
-0.41817001309756324
-0.17812318951136655
-0.55800707976551212
-0.20597944186191147
0.030861583875932852
-0.029057030459800903
-0.082616345390122956
-0.64909097155880513
0.47137212471914341
-0.74532951563672556
-0.38854868682423055
-1.0132776683646492
0.27840252483988498
-0.18448002781966846
-0.047154637269545691
0.44177460719896822
0.48394850876900442
0.32567316647307099
0.22406262070821184
-1.0961202308718374
0.27226333112012352
-1.0674649566526659
-0.6798702577816067
-1.2162847824698235
-0.6365331876286936
1.2146816646115717
-0.52835892495787795
-0.43278670925124463
-0.68835613676921115
0.0048950178100035553
-0.0022238658494165894
1.492174967236926
0.066721508227847753
-0.30457273072474966
0.067566850009287208
0.05597291476659947
1.079116941371254
-0.31728285687429403
-0.014064087017970532
-0.89743091389618246
-1.2771337423432558
-1.1058574590695769
-0.91494122948270884
-1.3523300299385757
-0.69019131545664181
-1.0821152258483895
-1.014067562470012
-0.91870231494024479
0.23123728683830427
-0.25351098975998199
0.26397908981907048
-0.1421748690760419
0.22379908878859048
0.44871637758436322
0.0058992521150937997
-0.24763654502595384
0.29967770861025578
0.34614267037173474
0.19450500386870037
-0.54123735222034908
-0.10946068618656778
0.13005219371272678
-0.53331390692083291
-0.38598307998859982
-0.34861088706179411
0.01485184319572541
0.083537279726366542
0.00081381801163521992
-0.4633885712911549
-0.56609505651023273
0.4528279214220059
0.13159162008495909
-0.29423684514061071
-0.17386036735873717
-0.41227606956864971
0.15543135279157871
-0.48535387321665691
0.12879627110016767
-0.93488655389582687
0.47723790079670692
-1.1565808002250246
-0.53206134261092886
-0.41445761055671004
-0.31350539570791019
-1.0932769485473246
0.035677197345052022
0.20736355695784842
-0.49583689986175844
-0.004908079435756765
-0.41084588795718796
-0.3024648921432086
-0.3715647553888427
-1.1121664549208607
-0.97533521390828781
-0.70500356315635548
-1.1995270332062795
-1.3479129874090714
-0.93578845835554925
-0.97786439724157237
-1.1144759423186867
-0.27999155896044953
-0.80882020360483631
-0.89843179972170417
-1.2879449047646585
-1.0182427574430519
-0.036208060748875878
-0.48697858829047702
0.15543784861413912
0.096838739989142067
-0.73060303161985707
-0.38189237006820298
-0.0096307474454545624
-0.28445267870973373
0.13499019969277365
0.61605628412323243
0.59730939971858299
0.11477246038505694
-0.54471913610090406
-1.0548560124117377
-0.16218088613253601
-0.2500823785259696
1.0831994948955557
-0.53825193511398994
-0.37470233829762328
-0.0079281372987431119
0.025622876938362224
0.63060761723457481
1.3340326605632802
-0.56806510320867709
-1.112361340648909
-0.47559627706539798
0.19834325106982958
-0.87692598596569726
0.40319008808548246
-0.38943675741039852
0.9044808959450773
0.27114763353736576
-0.097621369277995126
-1.0514106993947185
0.086576121755409075
0.11153873394861327
-0.89648246552030808
0.056615010816718575
0.36313309366679847
-0.026651453687787399
0.30624195689292516
-0.3164883055572662
-1.5022822416833781
-0.30030652323683038
0.28050797268493155
0.17413809729682658
-1.3486924172233832
-1.3140314575003864
-1.2972252907499269
-0.97712381284830552
-0.81717949979844084
-0.67932155563236696
