0.89010125054935385
0.34402814713346813
0.069003673296201662
0.68661781967275015
0.15266024725446586
0.18746788538600792
0.2717542523500639
0.37020321540190004
0.81159948446722596
0.28609956129350034
0.53729313680973234
0.71389063417883136
0.85162567170494563
0.88418028759527656
0.3404160808052642
0.64563232992663422
0.38707894736286025
0.52167008690043537
0.70125118883272686
0.51324264372986705
0.84796749305748109
0.58716888169914572
0.74943958927071563
0.58869473485288792
0.38408527991556968
0.49337819577088282
0.73895045454440589
0.61522816842402461
0.56389962153222428
0.77270040655982308
0.79472490232662962
0.59394261160604089
0.26339763408684552
0.36313407528737252
0.50849263845409387
0.12057216845390087
0.10219800367103547
0.12728321266286838
0.53770283464635305
0.88443998175755056
0.017651898711170264
0.67330113922081214
0.14347639411433344
0.34468066636841371
0.17452450910802014
0.012217968566853178
0.55981479966722525
0.63771647104885565
0.93501359858794408
0.31104053697564166
0.99131804143997959
0.30642722012777796
0.02431462627557238
0.96397302741858437
0.84356617202495099
0.75787965436186466
0.16285301039008224
0.41944457980220312
0.74548805972349619
0.692415725863465
0.29788397260256227
0.68572860387066203
0.92189093569069402
0.34549145148812233
0.87520882418950774
0.1886495735277457
0.5673642228066772
0.097263242017317578
0.90308318359116402
0.89003557406395195
0.34409305320712208
0.6722639933816873
0.96613276656750835
0.27674737781107078
0.8695211548186611
0.95457435110112177
0.31074954953477057
0.57311460782756762
0.87200963231058415
0.70424254177757906
0.2617460039970691
0.74939384617820326
0.92549654389675096
0.95823921701113057
0.11422938518758118
0.37880613082407411
0.55393425648749139
0.62243596123049527
0.33660730560771279
0.72607329326911385
0.32410806028020406
0.38130265167391364
0.28577184840347331
0.51877511485295491
0.47678804213628212
0.85551989384290672
0.12846197988835875
0.31522252639010512
0.97778165105854709
0.086457474377266946
0.33724488698929217
0.46591394172008688
0.65529029956308515
0.12995581926855967
0.40691511903444805
0.94888693765497634
0.40580088148817972
0.65246830132865519
0.20511707480995742
0.24143559658965294
0.46183082749407328
0.79399735877008248
0.33960415416569967
0.044599104099621041
0.5986444501791095
0.96678002424803144
0.18052073022188622
0.78459517269817636
0.0894733404355572
0.3371560251095978
0.36414583452424898
0.86373345376475752
0.71858466133785914
0.82009157963015022
0.10630098513032082
0.62375320900488551
0.71467159515217293
0.5924987743389627
0.29699605589540362
0.4797359403058275
0.86766933424193404
0.28739715953041367
0.22164416559552846
0.31005306173671887
0.60195528950793309
0.92351449087340154
0.24188481502619089
0.88637810982457554
0.62596784013957985
0.80884877786934295
0.36138075352542021
0.52770230426433673
0.67172694909875097
0.42186762207610295
0.56747502997400145
0.24362131203591014
0.10427747619765566
0.67088015160910386
0.68722295823299151
0.10461948035686747
0.20337058128531874
0.61700813915995245
0.87301217801402109
0.33160048013910481
0.85205935099649388
0.78132464126175949
0.57017571020548097
0.72557176956942271
0.56929033799768292
0.18297746044263735
0.97054574128586679
0.62312327728835393
0.88543981223397139
0.07117450726106947
0.56680556846614194
0.40751047849693328
0.70086905497862584
0.92243683389117326
0.064509612505359887
0.95723003624695069
0.96739500755516195
0.11871357336080311
0.37873840316934809
0.92835555350337717
0.37020068185668259
0.93744977887670489
0.86135549065656758
0.11060464762530983
0.1136563742197088
0.0096155301996475439
0.017849452865898389
0.80204429515987463
0.10991402482065026
0.34798718511781862
0.039866406601547937
0.95279854370088679
0.46535446733223262
0.65710546918291379
0.90814555582726442
0.31646736740475112
0.66891704949108055
0.032259595644516068
0.4915229741624057
0.27954735138074255
0.16741943897275186
0.81571027716622913
0.36128340310716006
0.45929921401320939
0.06582372592938536
0.62307926562335614
0.13622509448267583
0.19017159436239334
0.38877105129693545
0.13993371004476338
0.78228644769903111
0.25620130459674073
0.65355311183014231
0.43926009123471421
0.89098525146377605
0.11870802462216519
0.19146535842309162
0.88978772509277582
0.57321467758147704
0.31303127099613742
0.31875122292581198
0.30523702022361648
0.74695960953365192
0.25848804544674414
0.39003866959922451
0.40603018694966192
0.92093448355156593
0.064834839001302588
0.66773227138359481
0.83756082399888354
0.47216151696490893
0.88004043953248856
0.53844589829781997
0.4987338198626427
0.51675556863670757
0.10521056789078075
0.80247350543545992
0.31119777130406373
0.61401189514381171
0.57836741276020287
0.33407082843941416
0.20440004641811099
0.57590768357264766
0.10424404674354736
0.68515476205635095
0.68946809961581945
0.53887525618201215
0.099778562964450826
0.07673535253483689
0.33969037309103006
0.48595938247461551
0.25704628292601883
0.071638724215610336
0.83731120861081987
0.2791091656647206
0.074882093729296523
0.17383460121768576
0.22637248980726557
0.14306189372480738
0.94091013356053976
0.82736552808407093
0.77945588631219231
0.47801424745780685
0.96126391731324956
0.056689093497336245
0.5261297852989345
0.24032822012382873
0.36255179317893627
0.30307072799799384
0.62266187259729711
0.44852167837568391
0.79629936504704113
0.74370182071056756
0.20259366557183636
0.56852461429194256
0.064038495984197419
0.55983841994452432
0.29506636341854342
0.45187554045469297
0.731543321792264
0.74225352131084332
0.70858466331535408
0.34122061331517672
0.78292559854707044
0.29673611666169819
0.22586737708820379
0.55168783350086292
0.24539300931035313
0.37844908327574722
0.38161039001244423
0.60970597035874319
0.31981549471675114
0.36596492147867182
0.21845460148662532
0.19045899790149159
0.78486876154000484
0.94729263437199851
0.20554913113176249
0.1953750120325087
0.9383464534940692
0.26814403645537505
0.24128398035321777
0.10164404832228749
0.33311290981426811
0.30403392212350117
0.49660988034856207
0.14957058037528601
0.53684725761656582
0.29285078440311735
0.49199747062872257
0.25159326171445512
0.93843248734504447
0.17023992115968506
0.79346643970717046
0.76535098077357844
0.54457667498836981
0.72896258742120645
0.39442477803644516
0.33489302755025202
0.93003745320314113
0.39899176495953537
0.7963222529233176
0.40900847855340361
0.69225634260685476
0.5287797525606972
0.19192721235687774
0.7701692440016048
0.54313093339835306
0.62695115643154475
0.90870634860810384
0.83446327129594433
0.34896234273267196
0.09343073505454777
0.56221245253119345
0.21490069848291621
0.33216146567133109
0.39901634145313208
0.55519301272233534
0.76385224892179215
0.29900477247377721
0.10197386014800124
0.17202791866921502
0.47939227512464161
0.24909853420728945
0.99333442494294388
0.1347520915664899
0.8907216510628444
0.25198185327434908
0.38233105284407898
0.26864283549628676
0.93567607231505456
0.36790798845632688
0.71525326300499126
0.88197853686919592
0.36589934522428819
0.72525590827829778
0.48924823169037901
0.91537404094249031
0.88290505339756686
0.048140192353602687
0.76809342219238197
0.20616500969932935
0.42808416745555472
0.20116949055775099
0.94484499340109795
0.24133353843907657
0.15031810357851771
0.59902041334917844
0.94318368290433419
0.25276782367412698
0.062427222849879532
0.85264767047830814
0.2478168365254548
0.24353490339504402
0.31149703313962024
0.90711554083411305
0.33573161315652644
0.01993488424743246
0.89386065923251012
0.67610129153573983
0.91112337479427841
0.80891356676360315
0.60331871415927307
0.51482191591458204
0.46472504976084855
0.13296400460019681
0.39534539665803797
0.97607134719786171
0.9247369428553246
0.33119835150249344
0.8236057333203185
0.77845455949561371
0.59190729160285249
0.57852161575952021
0.37449172850994095
0.50741093297584072
0.52421878967856672
0.29384293679713941
0.65814637953373945
0.2550479042359044
0.9463143135146469
0.24031012784823919
0.72803208269807584
0.94321317206221689
0.9219958850533484
0.11466243621473693
0.4702768590700907
0.80635245400366873
0.91812339750878835
0.85942001028454917
0.77405291935363063
0.88464537134139876
0.24641286059249631
0.97802413195308358
0.59878899959226273
0.16464590057956188
0.77575833497505142
0.61995484233598319
0.4913795517242836
0.95852911065187274
0.60303862515649553
0.31039675719851578
0.97632954220940993
0.81131886793560148
0.31218412183117833
0.24764033182434875
0.80909103731600851
0.19710264780034009
0.26986926603995659
0.96161847957272018
0.11707688765284706
0.69142865896812167
0.40499253785444556
0.69666162314607816
0.17256852515294813
0.36907184807018423
0.11139389143162277
0.70304859005573661
0.84783036922471433
0.97210908437969035
0.28713532888482085
0.76823631786035562
0.48567032608718397
0.62759820864268989
0.64945276116594364
0.98507840649673617
0.18358020652226056
0.45667980990073742
0.1260687947323357
0.67391838032047513
0.88783033753727636
0.89031498517897623
0.50078008085629344
0.96536189651873949
0.45031063251039616
0.79524912158772865
0.015715737355332757
0.29901101102288347
0.6521011142314147
0.50147448193736499
0.25849361844291446
0.11321285346517168
0.8951992038386628
0.37809459715655136
0.24130510565154212
0.38866569910477095
0.59375743302310413
0.39934497367049293
0.32832355152963594
0.30099161565829113
0.10349125868318751
0.81470012690627336
0.64070336589477717
0.30942497692987869
0.51669401724403197
0.33952326845850384
0.08841967398375529
0.31846606141171208
0.52206964664936939
0.35329203233796319
0.51183972142131862
0.49050181043437957
0.49094383536590819
0.64209717658394028
0.33093410839147824
0.46474947083128537
0.58378455984125666
0.72063657141281645
0.76724168378354096
0.71504196406146958
0.77252331641991867
0.75242168458414216
0.71395081609691768
0.82759724037952809
0.82985537313160695
0.68230399580587642
0.52435539341072146
0.35131740200633277
0.23376575985787704
0.52340304206954313
0.85876793735515178
0.97110446646320248
0.10332378402410194
0.8095436197399295
0.10535412856873548
0.19108825978114896
