0.19916605253555181
-0.11708624760829925
-0.25335949637960303
-0.070337679935321848
-0.13640649416782413
-0.33746314942878519
-0.065107087361524638
0.04643247203673001
0.31843602584813019
-0.044036444303098658
0.1828281829528898
0.19453058277182897
0.352027056628063
0.3214250583735529
-0.12404557914335883
0.23271936137454455
-0.0096399555062238029
0.097194800631827533
0.047601903142101235
-0.014465716386235113
0.14803150320039271
-0.084180235415593871
0.10199110981010454
0.06138612898661245
-0.12101980628370548
0.1082919461478687
0.072957593560592171
0.21885987674085425
-0.062817113389640702
0.073716310895548656
0.151801795533164
0.014137007413484325
-0.14771493547460302
0.17994310031706512
-0.028065494636094653
-0.25930310775603294
-0.23417368848656464
-0.34433237270633987
-0.022569655830015647
0.21331519220704662
-0.42672984688826127
0.0014991539799644391
-0.19091951991646314
-0.017059671745128954
-0.086753141881714707
-0.47647610874531615
0.15855367988550148
-0.104318334014097
0.39283924034743439
-0.18206631196747566
0.61152429521034968
-0.0092830526084523649
-0.45432345025796228
0.33256358006361453
0.29063609957471154
0.10320594089626071
-0.29284666229545031
-0.0014553372429735741
0.11566297995901735
0.34639774089686481
-0.14727921150275897
0.26890787409248473
0.32031950996404285
-0.17517752371745349
0.20635397475390374
-0.2012585258541687
0.13246321733596006
-0.38214665530888814
0.32520793323889435
0.2629369444441893
-0.094803284867210333
0.2726710667986893
0.45496391556532623
-0.25358901860330973
0.34288951082315661
0.45982995545549599
-0.22639374266290879
0.094382964293276819
0.29363833883582713
0.11255567853356797
-0.29168271838634391
0.12143896808307524
0.35033867607659036
0.52139602038614108
-0.35875255959441021
0.15459285950294571
0.076892853380183104
0.15759326980869326
0.00073168589204840383
0.076015718836950047
-0.0025217921958880967
-0.18396205755125325
-0.23452220150182604
-0.0049465229699747343
0.12963194130678626
0.29121217578496589
-0.18925045100827928
-0.107597407043987
0.43449218047144772
-0.47361249116636633
0.067734642109687868
6.6861896018298277e-05
0.1295207663485704
-0.26925653787250498
-0.10036139643615478
0.35174156635248477
-0.042600477186583247
0.22917518284022934
-0.23916560136722276
-0.12485396137308477
0.02598720900198475
0.097304266888232072
-0.1059001389106595
-0.51359540855240449
0.10886514852242911
0.51634228217958744
-0.3245432929564967
0.36057720327319387
-0.43287777787780846
0.032227886302472336
-0.27297950166158352
0.33103672913722287
0.20118294745565451
-0.035390055288082228
-0.34112061771829838
-0.060038776014680377
0.13793496508347322
0.11511079042125916
-0.11748132152944357
0.15440057650151082
0.22502916582818869
0.0029583303336460191
-0.256280393671938
-0.20654778203818192
0.043815904438864878
0.40079618241169118
-0.22596542503935735
0.22888749904938868
0.020923884689069049
0.15783644479008813
-0.025886075321226582
-0.051154921440004518
0.033595396345006613
-0.12161838479717173
-0.030391112774919585
-0.38118811826320614
-0.15613007560915268
-0.125534914056463
0.16151650630706788
-0.20182196143719167
-0.14117211104889402
0.22233786168104366
0.3152105712259054
-0.20241442427881889
0.20793473112864888
0.19369517856038906
0.08518705916411147
-0.0079783786800120739
-0.12265455720889924
-0.28416209397631154
0.51188557838994408
0.23723048778261094
0.19704768578952858
-0.43338923018651415
0.18304410418388647
-0.0894830378476279
0.093766701835275773
0.2765752468344172
-0.29385588223432729
0.4517936624898185
0.3695001795999539
-0.28646606034304484
-0.18547264301074765
0.38932294173808785
-0.028436419195618363
0.22711375765323635
0.051450239133920939
-0.13549498658234915
-0.34831311380100377
-0.49871963615235931
-0.32354039791098987
-0.049549672585050976
-0.25545308630391278
-0.24193879327161627
-0.30097191682999863
0.50432613504433821
0.099103526915581927
-0.049314958496876928
0.44297579151445926
-0.058440918615109305
0.19838454463194546
-0.18058199622808532
0.058834104030771307
-0.17890785639169265
-0.25917687877335499
0.24709499761694839
-0.076752298696409135
-0.21684251379682976
-0.22098548129395607
0.22203903952083368
-0.31876724406905721
-0.26963535739376604
-0.011192651382083868
-0.24042790919205168
0.20560070140953218
-0.23369593877726599
0.04932761890455499
-0.1930405640852644
0.3249209065687404
-0.30288857900354244
-0.29691151800186244
0.30555523083446284
-0.031818409809392136
-0.11958246088591866
-0.22528517719751592
-0.074095460843954852
0.4577689741164222
-0.19687042505726016
-0.075987629950857352
-0.024039197412336309
0.31186650824639123
-0.27829165565859482
0.20711830443821802
0.31494336593832989
-0.041677425381494215
0.33142996215500398
0.0055372731030420494
0.037640466211069562
0.065091213905668327
-0.26589136546128733
0.076316385358538699
-0.18252077093597419
0.055155036190188828
0.11017495990644458
-0.090728982137955452
-0.11329313503108794
-0.026799964654159472
-0.14539472125582895
0.27456814690288794
0.0090199530009239665
0.11086112299812821
-0.40217279215904234
-0.41377902822495888
-0.047879597567525793
0.020815980251634222
-0.058806326373575378
-0.41316648282633711
0.34284926244638214
-0.13062857945263689
-0.47074808164398918
-0.16458355712715025
0.020470072342439936
-0.2875156727144631
0.45295208266763937
0.25807696074320241
0.1083617496381451
-0.13282966613474895
0.40380974544664366
-0.34622122261495092
-0.19722700072512733
0.040439119966577536
-0.090094140483445759
-0.13696206340415251
0.17411367247744028
-0.12815012923992172
0.23531624752695807
0.2228261105987929
-0.23348494694899122
0.11272106983783839
-0.45994347767082905
-0.078012182434083907
0.017971217419923531
-0.1528146435757812
0.092139452365032473
0.23430255109919687
0.19655558392966935
-0.064408661725616809
0.28328525795042175
0.012094134492555746
-0.17525142493604218
0.055875774327373499
-0.27961668003326812
-0.19603602655676863
-0.18950133155017274
-0.16234472250322024
-0.20553406576058506
-0.20794590353529135
-0.062647877666249518
-0.31884044445610205
0.31578723300618561
0.38085086400763563
-0.36402820048784618
0.01289505715027856
0.33957341094519333
-0.23588886945213464
-0.13392002182748522
-0.44125061790197745
-0.13466765006085868
-0.15944430746356542
-0.015952534426789473
-0.30172976769449333
0.0033998156696499722
-0.030032812867126817
-0.096527920474020729
-0.2083939831709519
0.39548213586651942
-0.060725402006743513
0.15530703179347613
0.071017179766879851
-0.016376304688434488
0.36278699133523584
-0.0039428392132462072
0.019070455830338777
0.42085861754421217
-0.05238381648505204
0.16213987299506971
0.14470865084511672
-0.018913246676532651
0.07109488447324129
-0.14632096133911257
0.26659406585605483
0.028783410609443432
-0.022112763975428509
0.23035681578281567
0.32443176297856441
-0.2154341828568207
-0.40494608535470933
-0.067215031821442492
-0.23521994317111677
-0.041729688869714406
-0.12274219564128555
0.17006765350213654
0.08112916568139128
-0.023562218562338165
-0.44749436543688403
-0.36847221343616898
0.076328055172926124
-0.17130471268892675
0.37661037704142569
-0.2323360011868319
0.25132535843682136
0.055914063799486817
0.024585109874913511
-0.12713416384109752
0.35498586261102721
-0.10421208110336422
0.19118469397936952
0.39892711005239018
-0.24438024445985301
0.24332399274676556
0.10866976756032844
0.43240406846500695
0.20508594125008273
-0.32946879121612849
0.14862198194828527
-0.12372700628190041
0.00062792907425332847
-0.12099410293507296
0.42630956675872383
-0.22811062039486021
-0.20983049846247659
-0.095522545809485215
0.096633141864341465
0.017648246293561855
-0.27154887504605574
0.086139875112622902
-0.27610972020220248
-0.18762823991814248
-0.0082581671342029546
0.33351649125993166
-0.10099841490312375
-0.53184426861104306
0.19627249534169078
0.19607573303771889
0.38065313341159224
0.1747368640649134
0.032654749461363194
0.034231845194259362
0.10628399367794836
-0.44360403056753034
-0.054382162660116432
0.47300204155450476
0.3798108208784815
-0.071087667221238257
0.27758637458721064
0.13476403863398542
0.11880739713995353
0.087325211309347436
-0.21241084996071796
-0.16305975524958433
0.010186389685539891
-0.24385088879019765
0.14828274670749425
-0.12508382092471543
0.36760591053714375
-0.10973010421043491
0.058944442960684254
0.31986262044082286
0.25259847555757731
-0.36204462221644373
0.089491376532376099
0.14901436031501245
0.1041785885645003
0.054358264906499379
0.13104449666371243
0.45007023887126318
-0.027703263217202824
0.37881135764538099
0.23636241509464115
-0.10020429228604094
0.26616516882409302
-0.016234751856171147
-0.16676851409509055
0.34730038307645827
-0.017203798783193936
0.016922146252225254
0.55076432839571665
0.10349670097249157
-0.010692944142912766
-0.042932334420381885
0.33046637288810055
-0.1316907973838839
-0.043589623696599425
0.42523716394303623
-0.32478842844935685
0.10568467199417961
-0.11867020429036347
-0.091611641109281147
-0.2946350638898862
-0.04090679603642447
-0.34858696874803408
0.16170119240960251
0.32229565015255829
0.35153846096032437
-0.18877573382493384
0.21977136730488334
-0.045980109919462782
0.066747920867577401
0.065709251789715928
0.44326820003116735
-0.16854794346832613
0.0029201200981956157
-0.28691260264103641
0.13799069409090045
0.26690395151796137
0.35975191461178652
-0.019769934566812312
0.46621027850152968
-0.10749902962092796
0.15224938364986168
-0.47381079453117519
-0.11913520646542243
-0.045697375482309351
0.12140597831977756
-0.15134732992265665
-0.24381225155617725
0.37936636159532444
-0.1015517393785007
-0.093118017795215099
0.043336696039944847
0.16984181934329992
-0.0092999978171711562
-0.2280868086874325
-0.0066318208199044344
-0.32436943356980485
0.38519878551601383
0.22388148176797043
0.10300985450380687
-0.024015496970635132
-0.023878954462407093
-0.16834698824038091
-0.031863758028903615
0.19805781563668534
0.039383693112231728
-0.1093478644328313
0.15690941138388345
-0.012170721579480038
0.014149824089773947
-0.015867013812235389
0.0049138976925580348
0.17970703030551349
0.33734667236343147
0.050796351184864155
0.22097108816674965
0.10230497747511932
0.19359867249574575
-0.033385459120768311
0.2023067929667953
0.35295516310186759
0.19877892745002462
0.15050156137006765
-0.049254197378502965
-0.017903093940513509
-0.19951321215797077
0.35891171266761901
0.44068882948275712
-0.27228192088787284
0.14595766166578408
-0.14402901739554289
-0.1404842526753298
